$ANSIBLE_VAULT;1.1;AES256
34366561333032386164343033336333666636303466333433303965313332373065316539306430
3737663131313631353931313236343133323862336533340a363035336239326435303365663536
39633338643830343664353165616566333336353838346634313230313536643463373062616239
6433663833326562320a386135313430656565303630643664633233383861343563396461626164
65363332363866346436333436666232326430643365613965356336333665633066343935646163
65623238653931316561396465303265303237366332303766343266313766353232353763343739
62323163653738313039366465633066633938653331373539373934623437316630636462623038
30383133383432306436373763633065333665663361363961666237613539616463396137336636
36366634646235663232353438373033393735313062383933333332613665323935633661383963
61366439363538613061653766616432333966336132393330326432386634663136633038393431
33633962313231396136383637626264636434313838633761623761303963343535383634303362
37656232623462373930343862623035333733373465613131373130636262666135333632306435
31333962633132623031326637363136646635663434303164326566353232636433396436643330
31373932333736383132633463653566366536386131303961313562623961383637396162613538
33316638623739323733323739666539346663616463313866343330646434613063643861313437
34656234366265346635366236643165336536396164303264613563653730333863383036633031
34613432613038326538333535373562313835346366373466613664306130363263363032343839
62393966633832626430643863353837376235643034643061623838303732616461336131653465
34656538386433353137366562643733623961616434633736666539383962626238336435343930
61346538336639353137333933323036663930393836303632396137633664646365633861376164
63393939366232353436343562333739643030316163326131373137633464393861386363333437
62393330383961353437373233306162653930333337663566333561656538623163303966326163
65626566656136346632306430656539373438653433303266636165653835366366613365353332
63653530346466366635656236646665636130636362333837366531636135346337376661383839
35383032623232343530663532333065666333666433306237356139356630616531643566323434
66393438643530383862383836306564353835616365346165666232383061356233643338653839
38643236333634336438366537343135346336616332336433323130663266383635303562303563
32376139663961323865346364353236393034383333386461643633306565633537616664313639
31623232646261613332343938653437363035363932653930316636653739633830393739653763
39303139373234623536316132316363363731653639363932643839333730633866623834626339
61643532663462383737366663626261633437636433306633633364343362336437383763333265
35396633623963386331323163356631623239663439653963353764363462373834343866353632
35346661663735376132616436363865303738303963623835636231313336393639616238323638
34303665356131386335333732613837373662633731363637633536326164366239613563316533
64633464643239613363363231303339646166633030313838343634356566613639373336323932
63333836356630373965306637343566393164353066326366393162363833316637333339313935
61346137646162636163613739393635306336643335383834336266656533356238626530386337
31376235613465653861343234393633333032383833636437343732653830313439663034356635
39656437663266613637346465663266373035386164373565636633623962663836303637373536
62613230366466363133346337663734666538376661323638666662663830313932623863386264
66643431633635666664633863363633343839663332333938353139396333353061376130353863
33656663306135363631313235313861366636373533346165613333636364666132376163366337
61323161393739303833363533653465306562353461376666616336333164333733353938346438
64646236623930616262636361623231636538633838373764663262656266666631376436336433
38623662323237373866366264343366343763366332363932323037366361336461653731666533
64633861333833626361643834623334303634356234366538633161643163303063373763656233
31626239636466653266623663326466643534643563306563326637636363356132633032653836
34643338636534393236326430363936356531656634313534356230306331356531343430643634
36396665646334643662306434346661316263626566653636653063616130656637376261306164
65333133393361646562666366646564333961393832353466313363613735323035393435323165
37383333343461323237363431333531633937366636653339623137666438613334666531306166
37363437336662343065666430613630626462316534626261313332343736336465306265663362
31626432373266353765363766306439656538343334613431643964346438353330356330343638
31353466353265663665366137643366353361396565306161626436343834356332383239626339
34323064646435393065643463386234306236633834313931613230336465633635656431663637
39326231636135653936383235373865363639396138313166346664653737393661303865303534
61363835653337373238333136656263643337336237353333633336663636636231346262326564
34336165656639623731343135663337313461623363626630663265313664326433306536373366
33333062356233613734643837393536653366633237393563343130653762386565323539306234
31623762656337623334623336303839623933393861346530666631613031383539633834323066
35613761383962656437666131353632626133353032333233663531633161376339356334613065
63653066653231613233383239303436653730343831303765346364613263616664663931633332
38653435396237626531646235363466316437663162653964646335636665373266313437373231
61623666353430336431376164383436393563623734343233303164646533323837393738643966
38316432323466333864663835343237323661343934613838303730666138626363663861396464
32383739613264383835396434656431373839346263626266653033643463306639313737313265
62653862366537633436323134343636616666396333356363376565316238663562313836303335
64316133633834363030663736656139343632383433313436663539316436663138323530623335
33656339356635343461363232383563656338316664396136386235613663613030333733663933
30306631323637313866376661353332393233646263393465326533663634376130316334376366
35373236316131373738383938336431386164303661613361376139633032376363356334376237
66303264326134653432346532373034393135353336656462376230323961643330353162376661
35353830656236646566373132366339623434393733623864653664383564346430646239666234
63306164376461643136373366366130666464633532303836353862666265663261656361396533
39613062626364326238303836396236343562656631376631633662653562636636663438626263
38343166656330336533393532663630346233633838376337303863396463643762383934353236
61386239323364653963353038343830613563313764393437653334663461636633633530633865
32376633663161636263396238656134633964303637373638346531396665613165663134326666
38383963356338353061633463366437343737656634333838356262333238623735633037613236
38356264363863643837323132363137306564623132313339613464656632313464356233336262
61636262356331333437323138383934643836323434386466386439343438653566653064313536
35666162346632633138336533366566333163626338386539366235303131663138313636366433
64646237613639303738303938383431386261323539663961383632646338616436653964356630
37313335363039663466366430316531326336373337643565663034613166326462386663363564
62326465333338303166613561363436646337373135376166313564613531316237653866636164
62613937623930323865393465376564356134303966633163373239643166323432643130393363
36623039653033376630636265646233626635653063613337646535366466366230323835653431
61653136636666323735313238396265653531393631373165316261366361326365333963323861
61383533323165396561666565386534623461323031663366363962643866323062383839383939
31646239376131343963353366363638306531653833356261663466316336663038616164363862
35636633373764306139363937363539323439333634313961666234343832343638396264613233
63323739616363616335656265353664636533613363366537373835396330616230663334343466
32636262653563316638386536343963633737633432386239616466306162623036386130353061
34353364336366636639616434366262373061343437303562643966633434623434346332613965
38656263643761643235323264666364366266323439636264303462303732366566653034383834
34303961363436643931313138613437663262653733376138636638343430353330336135616430
34356330303830653134666638356338623136306139356137396334333937653630316134396265
30613064646266303864653335353438323435386462333065643832396366316633353736343236
34663964326331626334636463313939336663353265333736303936383864366430353963623462
36373536356264613865346638363961376636663132653961393539303834633631306634653239
39303565326266356633363239393435613639373063353463383664646235323865623034626261
37363363326431383931323061303761636338306437323736353664313663306438376239346238
35313633323738636263656131343165333764656631646331636230653632643134366637656262
31393464373862663166323138656337383437386433383638356435656364346263643830383564
32633031313564303632323164653637623466356463356433313363653832663130653666616435
61623364633936356261323731333136366132346137663237663064303065346539376436616135
30613361653038386264313739666465373638623362336461393031313337313566386263306132
33623864633538646662643066346237313061323561633761326233633466333132323831656533
38626630663666623937626330613738393465333932643034656433303131633762396562376336
32633137333835326562326536623165653264623330313865373461396366393762323666393633
33326565386261666536363134326331613337623761656632636338643933643433356439303766
65646665626162646336353433343735303436633033663432383665393730636535373934363134
34373434653863336264653865376564396461613362363138373434333934613239633964333861
39363739643566616464636364643938313036616534336636666664613232396265653937313132
34666166626631336164663738306330366462316235356661373938326664316136373766323939
32656566303466643138663535373565376563663035623633346662346464343335373234363930
32396431393435306664633932666466636139333461353638633763643934633662636262323966
32333662643331353563366236333863356336646666346434383433363363356165306538323163
31646166643531333130623065346130633536396162383639613863643533353862363661383939
36376334363637353262376430353466643965383164613239333837666635623333376436643830
64616133623663636664633961643238393063366666333636396138316464396434636563386465
36636461666430396634626663356430663539313237346262316239326336613062343461316239
33663932623538353362393232383131633939613263356439343239653437376436396165623566
31323631373764373535623638303764373339326431366139306231393861646161396531663431
36396637633831353430346266616533613763353938396364663061386231623562353535396231
38376162343165386462373966643337336639373336303464353731316230626534343763653461
65333130626563323836613561383234633966323164333537393333643362653138333539303166
64376535613763653061303033643636616465346262636436613139663431643332353366346163
64326634396633373963663030346463303534363331306661303234393632643339636238383237
65663932666566323235653961323438393463663139623861316363393238396235373636336365
36326461376164333535323730303337306234353334623833653533326634373839646337616635
36376632303536633134663632323763343336623161396664623637346461653430646365303437
34666461346430633038396639326432663434343964386362653334306533326661636132316331
39616635306661373633646162623665663038396261323039323664633262633161653432326132
62323037613561626266343838323463396133626331626537656462396535633530643661383934
66653234356661346466373136363937643665353838323937623232306334653064613837366330
63316265613433643366316161376139636532613231366336326661386134366339623537346663
30346432303939393933646162396431653032356162323463613161366638633232396533373765
61353736313037613837636262343463343231323937633339366164306330663235393733333864
31306135303031353832663737326464353333303337336563373833613764653634323665666434
37643530373833323935343466313135653534373463613664313635653162666231343261633533
63376162303734613934393030643939393132316634306565336335383063623866333739333539
64343436333765316466626338623531336231663130653937313965316436623031333934393133
63383531326639323633303133373761666633646639646539323233326462326634356436623932
34326261613162666161306638363463383961373532663363666431623665396330386565323863
35336162363064636434323563323732643138363934663338626465303238326165323434346431
65323666356161393662623736356466616332336333613961356239393239663061346638613732
33646261396138613637303565363231663536383834393465333361623230356364353266336262
63616265666133386236373539653839653537633062333035616139393265386264303064323530
30333562313061333431323637373735636366646237313732366662613234303739663932306332
63616465646435663434356263303339333130376238343736356431663539336133613463343035
38316335303932393232643863313037346337343036393263633864353637636563616235363262
36653032323632636465626433663965343364313061326134613332323836646261663963616134
64376532393632613964363635386538666664323539336164353164366431623961623939373033
36656565623130393764303166396331336430363762393132313266623135356537393039313730
65383463353231636234386665653465366139626634646161356431353561633333613263623935
36343466303134386265303537373530656236663131613263376534336166386462363034346131
64356163363232373938656433323561343964363234383937313464663766643130306337613238
61623037613038663662303334613835353334303061333530306635653835623135306164613462
30353333323632303932353534303633323232646330383535643664643462613733646531366133
37646364333965313137396133353537346264613063333333363166666137363061336533616432
63353534306265666366666435623738356533343537366161623965643732333936666361313938
64636334363237303039343834366630313338653963346161633831623236636535653235666438
39653932353032623164663034353330623664623861643363393933326339653465366333643362
65373363393561313236393831656533376266343937356535366166623530626162346364363335
33386261383863616338643336666461393030373235623836386330663935623136643966393332
62396331666538363530616538386534373635376239396437306433366631316633373939313166
32633566666436386134363236633331626239363066356664313239323765623333313933306634
37646264626662386636653533376339613035323735623564656538316463666336313738363735
65653831383466356233366332333335306436623063653438643464663063333065376537363863
36626461376666376664363539613561323136623431356235386534313934323637663132636337
66656331303135306532303465323131373865323863366635356431613566343039373538636461
31333332343939396133613064346466643662366462383136376331633830653365343062346164
33356361653134363265343835303363396233633032323063393537663335396539656330393235
38343934323064636364343131653033633231653163663034313566336133643739383466653832
66373565636162343265396239643864626361306566363439616665373537383064373531326665
37373432386333393538303535383933623337333063333733633662663264356466356439373664
38666535363830343837363262353061386534616234643362353831313631643730336164343463
32303065613337636466613630623534656435383865613963316664343265366438333339343862
38333334643533343636373532343837316665383763616564323238393163303061313435333033
64313762646637613965363361353639313231376533656230316430393337366166626433613533
61313239393937313065396331643135646332373863636162333439353238653965373439383735
34363333663032393564656232336133383162376164343864313163663466313536373266643234
64633737613462316561383863633362646238633238616436646463346234306437623638613961
37343636363662623062393261393633396561313562363461633231353237373338303532633763
34316466636635326137363031336562363065383361666532313435313638613131643366323564
39643866646138323066383230303632363438653335303832376263363538393964616264396463
63363662313034653539336466623931653462656230633664313634373064613166383365353136
64386437646166363138373533613330623264333835313834363861383636386562353062316661
63396539643637653438393437343739326237636139306161666664626365636665303531396233
39636134363939363332316264386665363565616136383432306233383437653931396663303637
34313962643033323138343563386365323835616235643661303833356134346262343238666636
32343863323734626138303937346262663330336330323638363732316532373065633362323734
32666336393435343863623061626537663938616430383966613134313262653564306234386535
36353732366364373735306133373037313535393339383531363861343735666563323763353964
37306235356432633834653261616131663232386236353963323765396434653436306666363365
63653263396231363739353536336561326432383636393634316333653734663533613439346636
36333538633238343064333938316362333364623465373138356438323538653638316635353230
61613331643832663534616338356665636238626363646630656438323931313533366439316330
31663830643831353564626130393162666361633966356333636533313437663231363461306661
63306534356363373963303565653665616263353132643831663364333339663031613436636531
64656130396434356261363865316465396634656630626162346230313938663139376430333363
38616261333135626462626433313939333465313935383164633061313035616631633836313366
63393833356166626438613334613061343233343461356464616637346232313865633063306433
65326664373238343438386366623163386634613330626664376637666566633162373532343261
63616430626366616366366264303936383031363435373533653038613562363038306639366331
31333935313766626663396531316162626239666338326335336464663537346130353966653139
30306261303333613761613662633934373064653431353263313530323539633366383363613331
33333162323161386637613439633232616634646534333031323431366463316436366465346532
36323130653366636562333836646430393764336162313434626663323566623530326231346461
30326531323961343562373931613865616662623836323664336138303438656666663735356133
38313662646530333931626565643736366362346333326366636233353837303539303463343030
31623463313339343836303838346338376134623262633237303739313037343264313163636530
62363866366139303432363863383962656636333037613161376633663837646531373538393564
61653765366535333935633364306430326561323665313237643562386261663736376234646438
35613735633036303666356630373333663237656534306134623737313039336262623531343763
38316365343331353932326532656336323762346234656566333435343938626133653962663436
38616433666465393836303230623839326561633130396237383239306630643334663532333734
66663262646535656231386131643336306564633764663930653630383639336633346531643936
61356232386338616234343463653033393766333063616264303561623863643762653838363030
65636563393264626637613638353739626162383365343166636138306663323135376136663630
32633461663661393531363930376231313162343935383536326264336631373137343661306230
65333339653537333530653132663430333262343630366536343633316132393337356232306536
38303561313230303664613639366262353136633562383261373036386262633063326363613730
61363962313464653037613766353337353535303031333738633737373130383135666565663661
36623765386663326332366465373337623262303731303735323533356361333837626565383737
38633864346437316231623435643439393639643438383331616664663766373761366136326537
34623162396437316431656262373030333734343838353632663064356534666639653732383832
35646636623431353331356466663532336539303634353333343961393334326437313430363635
38663865333737366565363533336338383636313865646265636231383964396434393234366161
39353134343464313539356631353430656132353732396566626461646436343633306239303734
62663365643166333332623038323430383963613464353238376337326463373638613736666337
32353538303638323365326362343134666162373938323931393832313364643165303335336438
39656330363833336466633466613936383839396438636231306139343163313664366634373830
32383037343331336334356633383331373763333234626339623338363162626435646339633835
30356632353035613861363966373166343336313435366632313261656231366161303063613965
31363866626132323162306636666266383861363563383062633463346632316239643731306232
34316661663765353038653933333432363337383532633032623433626266613563383130376365
35376462396232656165643730316235346431396331633031623631313838643737363634663435
37343536393037376639336139366139343538363035393936373765373433333565373139393365
63393462303639306538386466356230316634363934376339613865393834376238313131313834
30623230333964613564306438313931646662396532643134333039653464666630623430373831
62656236653863636236613539326533623630343034626130303863323564656532353265613665
33386238393933643638653138623038353237616332323639653761393965393766613764333030
39363335363861363638306539323538653032633261643236373166323162333663636431313661
39363964366466643330396266326638343536646666636239663131366264396138613361306333
65333739616337396662613066623663353731613438356433633162653437613366616661353934
39383765353239383763373838303835643230396565336434386164396164633063313334393938
39356361366366363165313764363064313561383430353138376463616138653937313065326233
32653135366138643363353139376565653839653163623164346265633534396234616235356662
66373138653430613833303565643839333066386236376434636130623435373765363437316165
31333233303663333933366135396263613765366539333631383238323733666538343733653336
33333864396638626265306236636630663530393765303230363463363839646463626432343933
37653237613634363865373330656561336463653466363638616235666639353839366161363136
61643332373432346235366236636162666363663034303362636535653632383834663739613937
32346130653766306239396233306461323930333036366337313864393763323163346161356631
65346665636666663961363832666435356638333636633137373265316161643032616337353761
66643237633630393438613233336565393034343935326666333931333035313630643530663239
65643266313163353038366230666262396462303965393133646166353031613137333264646264
65386638653535613361393534393961323234363835376332393839643962386339373663326666
34663035623739636664663836633638313738306438633333303337333065313761306265393533
65376266613566386666356330646138316265616662663438333631393532656232613338393635
37303133333539636435316363303636366461636131303230663735616132333635393839333739
62323065633064396136613265633731653034646132633737666231653631353635636335326131
31303239393730636132346338386135663862653863373938643731616630666264643938386436
36306435333363613134646363366338323039303434313266623139656235346137383037613434
36373561396564643031336564623835616630326539316561656637336135646538346263613531
39363332366463653239386232323834376165323836303037306538343439326335646162653263
36613261333132656538326335366561333139323633663733663937356438663131396561626236
38653233363335343732316465316137356566376665356233393730313963653362393265346637
66653065613866323535393537303737396130626566363738323732663937306161326531333138
32653063313566383733376461333931313036376235383135613861316636363834656437343036
65336535376535663433326465636465303235353762646238666230373635363435333663346437
31396333643163303534616236383330306230303133323762356135613233316531353263303133
64313466643538313363653566613439653839633736353166386464623133633463396361386636
36383237396237643631386432663566616535613464316633363332643662626465336631373666
37613034313865333833376363663037396331613063626566336165653239613966323532353532
36313132656337623435626161373737623664643432313035333537373434313463333666343062
31353262643863623231313238633539383435653536336235353037393266636564623434353237
64356234316663373738383162303365353832326237623365626138306139633533383730643937
36376130373961666464326631613738363135323830366338666633663365643765306363663266
37333965396537666538633066343761623933633565303033396162336561363130333138366666
38343165313037326632306163623631636535663535646261393862326561373737316531653036
37323163343264616230